     0/249      1.8G     0.107   0.02161         0    0.1286         7       416  0.002706    0.4688  0.001557  0.000257   0.09542    0.0153         0
     1/249     1.85G    0.1014   0.02234         0    0.1237         3       416  0.002604    0.3828  0.001921 0.0003093    0.0906    0.0155         0
     2/249     1.85G   0.09412   0.02399         0    0.1181         1       416  0.002604    0.3828  0.001956 0.0003412   0.08783   0.01563         0
     3/249     1.85G    0.0926   0.02405         0    0.1166         8       416  0.002564    0.3516   0.00189 0.0003636   0.08696   0.01552         0
     4/249     1.85G   0.09228   0.02309         0    0.1154         5       416  0.002431    0.5078  0.002158 0.0003626   0.08669   0.01538         0
     5/249     1.85G    0.0923   0.02453         0    0.1168         6       416  0.002474    0.4531  0.001718 0.0003248   0.08649   0.01526         0
     6/249     1.85G   0.09061   0.02283         0    0.1134         6       416   0.01021   0.01562  0.002093  0.000382   0.08616   0.01514         0
     7/249     1.85G   0.09199   0.02207         0    0.1141         3       416  0.002904   0.02344  0.001986 0.0003289   0.08703   0.01519         0
     8/249     1.85G   0.09003   0.02516         0    0.1152         9       416  0.006621   0.01562  0.002262 0.0003598    0.0865   0.01518         0
     9/249     1.85G   0.09194    0.0234         0    0.1153         4       416  0.005781    0.2109  0.002421 0.0003974   0.08633    0.0155         0
    10/249     1.85G   0.08834   0.02322         0    0.1116         2       416  0.003261   0.07812  0.001664 0.0002364    0.0877   0.01637         0
    11/249     1.85G   0.08999   0.02441         0    0.1144         4       416  0.005107    0.2344  0.001958 0.0003276   0.09795   0.01282         0
    12/249     1.85G   0.08937   0.02225         0    0.1116         5       416   0.02021    0.2656  0.009222  0.001493   0.08376   0.01523         0
    13/249     1.85G   0.08813   0.02594         0    0.1141        10       416   0.05156   0.09375   0.01668  0.002611   0.08293   0.01513         0
    14/249     1.85G   0.08764   0.02278         0    0.1104         2       416   0.03992    0.2266   0.01645  0.003065   0.08084   0.01548         0
    15/249     1.85G     0.086   0.02385         0    0.1098         2       416   0.06209    0.1484   0.02084  0.004703   0.07981   0.01533         0
    16/249     1.85G   0.08621   0.02555         0    0.1118        10       416   0.03838    0.1797   0.01446  0.002951   0.08126   0.01532         0
    17/249     1.85G   0.08655   0.02361         0    0.1102         3       416   0.05832   0.09375   0.01687   0.00378   0.08207   0.01504         0
    18/249     1.85G   0.08608   0.02545         0    0.1115        10       416   0.02409   0.04688   0.00603 0.0009631   0.08544   0.01417         0
    19/249     1.85G   0.08462   0.02445         0    0.1091         2       416    0.1107    0.1094   0.02844  0.008264   0.07884   0.01507         0
    20/249     1.85G   0.08342   0.02373         0    0.1072         5       416   0.07871   0.07812   0.01364  0.003195   0.08468   0.01389         0
    21/249     1.85G    0.0815   0.02282         0    0.1043         3       416     0.163    0.1328   0.05506   0.01403   0.07997   0.01442         0
    22/249     1.85G   0.08125    0.0232         0    0.1044         1       416    0.1624    0.2891   0.07401   0.01405   0.07467   0.01518         0
    23/249     1.85G   0.07896   0.02312         0    0.1021         5       416    0.1608    0.2188   0.07961    0.0154   0.07347   0.01492         0
    24/249     1.85G    0.0777   0.02352         0    0.1012         1       416   0.05898    0.1406   0.02518  0.004639   0.08067   0.01418         0
    25/249     1.85G   0.07702   0.02166         0   0.09868         1       416    0.1792    0.2734   0.08648   0.02016   0.07374   0.01528         0
    26/249     1.85G     0.077   0.02506         0    0.1021         9       416    0.1719    0.2656   0.08502   0.01542   0.07326   0.01448         0
    27/249     1.85G   0.07543   0.02241         0   0.09784         2       416    0.1968    0.4062    0.1162   0.02315    0.0728    0.0164         0
    28/249     1.85G   0.07394   0.02249         0   0.09643         6       416    0.1073    0.3672   0.06234   0.01157   0.07377   0.01654         0
    29/249     1.85G   0.07465   0.02189         0   0.09654         2       416    0.1885    0.2031   0.08566   0.02218   0.07469   0.01435         0
    30/249     1.85G   0.07351   0.02162         0   0.09513         3       416   0.03684    0.1641   0.02019  0.003711   0.07685   0.02675         0
    31/249     1.85G   0.07242    0.0228         0   0.09522         4       416    0.1487    0.3359   0.07597   0.01608   0.07407   0.01789         0
    32/249     1.85G   0.07124   0.02096         0    0.0922         2       416    0.4179    0.3203    0.2459   0.07348   0.07184    0.0132         0
    33/249     1.85G   0.07142   0.02119         0   0.09261         2       416   0.07169    0.2188   0.03117  0.007142   0.07977   0.01453         0
    34/249     1.85G   0.07149   0.02146         0   0.09295         2       416   0.07003    0.2031   0.03938  0.007649   0.08137   0.01648         0
    35/249     1.85G   0.07088   0.02041         0   0.09129         2       416    0.2169    0.1953    0.0845   0.01817   0.08242   0.02952         0
    36/249     1.85G     0.071   0.02107         0   0.09207         4       416   0.09838    0.1719   0.04417  0.009554   0.07129      0.03         0
    37/249     1.85G   0.06911   0.02142         0   0.09054         4       416    0.3982    0.4297    0.3136   0.08315   0.06252   0.01285         0
    38/249     1.85G   0.06915   0.02121         0   0.09036         4       416    0.1472    0.2109   0.05658   0.01115   0.08018   0.02473         0
    39/249     1.85G   0.06843   0.02109         0   0.08952         3       416    0.1974    0.3984    0.1395   0.03351    0.0703    0.0148         0
    40/249     1.85G   0.07118   0.02132         0    0.0925         4       416    0.2755    0.4609     0.233   0.06687   0.06689   0.01404         0
    41/249     1.85G   0.06869    0.0222         0    0.0909         8       416    0.3899    0.4609     0.272   0.06871   0.06549   0.01257         0
    42/249     1.85G   0.06678    0.0204         0   0.08718         4       416     0.378    0.3656    0.3109   0.08464   0.06265   0.01277         0
    43/249     1.85G    0.0658   0.02056         0   0.08636         2       416    0.2095    0.3359    0.1281   0.03501   0.06663   0.01386         0
    44/249     1.85G    0.0645   0.02027         0   0.08477         4       416    0.0766    0.3438   0.05173   0.01393   0.06676   0.01752         0
    45/249     1.85G   0.06439   0.01956         0   0.08395         6       416    0.3876    0.3116     0.197   0.05484    0.0643   0.01311         0
    46/249     1.85G   0.06617   0.02014         0    0.0863         6       416     0.507    0.3594    0.3235   0.08963   0.06384   0.01319         0
    47/249     1.85G   0.06373   0.02183         0   0.08555        10       416    0.4947    0.3672    0.3584    0.1168   0.06274   0.01319         0
    48/249     1.85G   0.06299   0.01978         0   0.08276         3       416     0.372    0.4212    0.3433    0.1078   0.06407   0.01237         0
    49/249     1.85G   0.06309   0.02133         0   0.08442         9       416    0.3841    0.3281     0.252   0.07655   0.06468   0.01544         0
    50/249     1.85G   0.06384   0.02045         0   0.08429         5       416    0.4445    0.4766    0.3347    0.1097   0.06145   0.01369         0
    51/249     1.85G   0.06206    0.0204         0   0.08245         4       416    0.3724    0.4453    0.3546    0.1328      0.06   0.01231         0
    52/249     1.85G   0.05881   0.01845         0   0.07726         3       416    0.5084    0.4453    0.4193    0.1495   0.06117   0.01183         0
    53/249     1.85G    0.0608   0.01862         0   0.07942         4       416     0.478    0.3594    0.3161     0.111   0.06249   0.01181         0
    54/249     1.85G   0.06018   0.01865         0   0.07883         2       416    0.4418    0.3277    0.2839   0.09564    0.0665   0.01704         0
    55/249     1.85G   0.05898   0.01868         0   0.07766         6       416     0.439    0.5624    0.4169    0.1466   0.05844   0.01283         0
    56/249     1.85G   0.05977   0.02103         0    0.0808         7       416    0.3886    0.4922    0.3483    0.1203   0.06288    0.0127         0
    57/249     1.85G   0.05984   0.02055         0   0.08039         5       416    0.4309    0.3906    0.3612    0.1153    0.0628   0.01097         0
    58/249     1.85G   0.06113   0.01853         0   0.07966         4       416    0.4305    0.4375    0.3689    0.1405   0.05909   0.01186         0
    59/249     1.85G   0.05559   0.02004         0   0.07563         2       416    0.6225    0.4141    0.4759     0.168   0.05902   0.01126         0
    60/249     1.85G   0.05681   0.01968         0   0.07649         4       416     0.589    0.5151    0.4825    0.1882   0.05737   0.01175         0
    61/249     1.85G   0.05782   0.01951         0   0.07733         4       416    0.6626    0.5078    0.5354    0.1882    0.0598   0.01073         0
    62/249     1.85G   0.05863   0.01953         0   0.07816         5       416    0.5293    0.4844    0.4605    0.1707   0.05784   0.01109         0
    63/249     1.85G   0.05718   0.01881         0   0.07599         2       416    0.6917    0.4908    0.5554    0.2037   0.05593   0.01084         0
    64/249     1.85G   0.05436   0.02003         0    0.0744         1       416    0.5319    0.4528    0.4498    0.1489   0.05955   0.01157         0
    65/249     1.85G   0.05716   0.01886         0   0.07602         3       416    0.6219    0.3359    0.3995    0.1363   0.05954   0.01187         0
    66/249     1.85G    0.0562   0.01963         0   0.07583         3       416    0.6559    0.3906    0.4208    0.1218   0.06305   0.01336         0
    67/249     1.85G   0.05599   0.01923         0   0.07523         6       416    0.5729    0.4141    0.4134    0.1402   0.06074   0.01219         0
    68/249     1.85G   0.05697   0.01942         0    0.0764        11       416    0.5665    0.5234    0.5098    0.1682   0.05655   0.01136         0
    69/249     1.85G   0.05457   0.01913         0    0.0737         9       416    0.6794    0.5464    0.5472    0.2064   0.05493   0.01081         0
    70/249     1.85G   0.05598   0.01931         0   0.07529         4       416     0.417    0.5391    0.4574    0.1476    0.0578   0.01108         0
    71/249     1.85G   0.05418   0.01772         0    0.0719         3       416    0.6536    0.5312     0.561    0.2121   0.05357   0.01085         0
    72/249     1.85G   0.05419   0.01844         0   0.07263         1       416    0.6428    0.5234    0.5514     0.182   0.05657   0.01063         0
    73/249     1.85G    0.0552   0.01908         0   0.07429         3       416    0.5244    0.5469    0.5234    0.1721   0.05798     0.011         0
    74/249     1.85G   0.05549   0.01888         0   0.07437         4       416    0.6723    0.5156    0.5399    0.2103   0.05366   0.01166         0
    75/249     1.85G   0.05302   0.01691         0   0.06993         4       416    0.6188    0.5781    0.5287    0.1867   0.05718   0.01129         0
    76/249     1.85G   0.05389   0.01857         0   0.07246         3       416    0.4845    0.6241    0.4951    0.1757   0.05663   0.01089         0
    77/249     1.85G   0.05233   0.01844         0   0.07077         3       416    0.6918    0.5611    0.5558    0.2171   0.05605   0.01208         0
    78/249     1.85G   0.05223   0.01816         0   0.07039         6       416    0.5345    0.5938    0.5575    0.2197   0.05484   0.01063         0
    79/249     1.85G   0.05469   0.01882         0   0.07351         6       416    0.5192    0.6243    0.5243     0.161   0.05612   0.01094         0
    80/249     1.85G   0.05434   0.01879         0   0.07313         5       416    0.6483    0.4766    0.5364    0.1778   0.05831   0.01083         0
    81/249     1.85G   0.05187    0.0188         0   0.07067         5       416    0.7247    0.4141    0.5099    0.1863   0.05606   0.01076         0
    82/249     1.85G   0.05126   0.01804         0    0.0693         1       416    0.6857    0.5625    0.6219     0.227   0.05298   0.01019         0
    83/249     1.85G   0.05069   0.01977         0   0.07046         4       416    0.6564    0.5078    0.5725    0.2153   0.05358   0.01063         0
    84/249     1.85G   0.05171   0.01787         0   0.06958         4       416    0.6266    0.5781     0.575    0.2075   0.05692   0.01023         0
    85/249     1.85G    0.0523   0.01834         0   0.07064         3       416    0.6026    0.5234    0.5504    0.2012   0.05359   0.01065         0
    86/249     1.85G    0.0506   0.01734         0   0.06794         4       416    0.7461    0.5078     0.588    0.2241   0.05606   0.01025         0
    87/249     1.85G      0.05   0.01921         0   0.06921         7       416    0.6188    0.5078    0.5367    0.2265   0.05649   0.01087         0
    88/249     1.85G   0.05064   0.01785         0   0.06848         3       416    0.6917     0.561    0.5988    0.2206   0.05542    0.0104         0
    89/249     1.85G   0.05182   0.01776         0   0.06958         4       416    0.8376    0.4844    0.6213    0.2235   0.05457   0.01005         0
    90/249     1.85G   0.04976   0.01802         0   0.06779         2       416    0.7826    0.5061    0.6215    0.2461   0.05215   0.01024         0
    91/249     1.85G   0.05042   0.01756         0   0.06798         5       416    0.6281    0.5541    0.5806    0.2111   0.05465   0.01057         0
    92/249     1.85G    0.0495   0.01839         0   0.06789         6       416     0.655    0.4609    0.5142    0.1679   0.05677   0.01145         0
    93/249     1.85G   0.04838   0.01875         0   0.06713         3       416    0.6395    0.5543    0.5593    0.2098    0.0543   0.01132         0
    94/249     1.85G   0.05035   0.01707         0   0.06741         3       416    0.7616    0.5781    0.6725    0.2369   0.05312   0.00987         0
    95/249     1.85G   0.04991   0.01717         0   0.06708         2       416    0.7583    0.5148    0.6142     0.221   0.05462  0.009846         0
    96/249     1.85G    0.0504   0.01948         0   0.06988        12       416    0.6406    0.6016    0.6163    0.2257   0.05389   0.01015         0
    97/249     1.85G   0.04923   0.01694         0   0.06617         2       416    0.7237    0.4912     0.551    0.2134   0.05619   0.01032         0
    98/249     1.85G   0.04872   0.01791         0   0.06663         3       416     0.714    0.5078    0.5995    0.2362   0.05323   0.01064         0
    99/249     1.85G   0.04954   0.01834         0   0.06788         7       416    0.6495    0.5938    0.6158    0.2416   0.05276  0.009991         0
   100/249     1.85G   0.04843   0.01768         0    0.0661         5       416    0.6864    0.6172    0.6561    0.2658   0.05301   0.01016         0
   101/249     1.85G   0.04722   0.01706         0   0.06428         4       416    0.8641    0.5469    0.6872    0.2395   0.05385   0.00956         0
   102/249     1.85G   0.04894   0.01774         0   0.06667         8       416    0.6638    0.6328    0.6266    0.2418   0.05267  0.009978         0
   103/249     1.85G   0.04865    0.0177         0   0.06635         5       416    0.7043    0.6172    0.6009    0.2087   0.05386   0.01112         0
   104/249     1.85G   0.04862   0.01721         0   0.06582         2       416    0.6857    0.5624    0.6129    0.2272   0.05489  0.009928         0
   105/249     1.85G    0.0484   0.01714         0   0.06555         8       416    0.7579    0.4922    0.5919    0.1949   0.05612   0.01011         0
   106/249     1.85G   0.04862   0.01672         0   0.06533         1       416    0.7412    0.5391    0.6228    0.2187   0.05448   0.01024         0
   107/249     1.85G   0.04988   0.01891         0   0.06879         8       416    0.7188    0.6406    0.6513    0.2524   0.05215  0.009832         0
   108/249     1.85G   0.04794   0.01715         0   0.06509         5       416    0.6631    0.5703    0.6242    0.2431   0.05235    0.0101         0
   109/249     1.85G    0.0468   0.01644         0   0.06324         7       416    0.6665    0.6246    0.6305    0.2463   0.05156  0.009949         0
   110/249     1.85G   0.04856   0.01814         0    0.0667         7       416    0.7424    0.5859    0.6544    0.2416   0.05296   0.01024         0
   111/249     1.85G   0.04832   0.01661         0   0.06493         5       416    0.6634    0.5851    0.6185    0.2501   0.05206   0.01019         0
   112/249     1.85G   0.04619    0.0174         0   0.06359         4       416    0.7008    0.6404    0.6786    0.2673   0.05144  0.009827         0
   113/249     1.85G   0.04549   0.01729         0   0.06278         4       416    0.7623    0.6015      0.68     0.256   0.05152  0.009688         0
   114/249     1.85G   0.04723    0.0168         0   0.06403         2       416     0.765    0.5859     0.645    0.2454   0.05231   0.01003         0
   115/249     1.85G   0.04806   0.01764         0   0.06569         5       416    0.7087    0.5703    0.6001    0.2217   0.05328   0.01009         0
   116/249     1.85G   0.04749   0.01699         0   0.06448         3       416     0.548    0.5703     0.555    0.1824   0.05453   0.01123         0
   117/249     1.85G   0.04691   0.01755         0   0.06446         6       416    0.5467    0.5703    0.5323    0.2007    0.0537   0.01069         0
   118/249     1.85G   0.04802   0.01647         0   0.06448         3       416    0.6664    0.6087    0.6097    0.2203   0.05246  0.009792         0
   119/249     1.85G   0.04662   0.01691         0   0.06353         4       416    0.7266    0.5625    0.6256    0.2263   0.05185  0.009854         0
   120/249     1.85G   0.04464   0.01693         0   0.06156         2       416    0.7411    0.4919    0.5764    0.1983   0.05315   0.01024         0
   121/249     1.85G    0.0456   0.01646         0   0.06205         1       416    0.7525    0.5703    0.6491    0.2493   0.05089   0.01007         0
   122/249     1.85G    0.0468   0.01635         0   0.06316         5       416    0.7636    0.5859    0.6759    0.2575   0.05156  0.009791         0
   123/249     1.85G   0.04539   0.01672         0   0.06212         4       416    0.6637    0.6012    0.6316    0.2551    0.0527  0.009803         0
   124/249     1.85G    0.0452   0.01645         0   0.06165         3       416    0.6468    0.6172    0.6442    0.2246   0.05392  0.009918         0
   125/249     1.85G   0.04392   0.01692         0   0.06084         3       416    0.6947    0.6401    0.6823     0.278   0.05177  0.009739         0
   126/249     1.85G     0.045   0.01636         0   0.06136         7       416    0.7698    0.6016    0.7036    0.3004   0.05089  0.009621         0
   127/249     1.85G   0.04621   0.01678         0     0.063         5       416    0.7999    0.5625    0.6765     0.255   0.05021   0.01009         0
   128/249     1.85G    0.0434   0.01455         0   0.05795         2       416    0.6234    0.6484    0.6459    0.2449   0.05172  0.009767         0
   129/249     1.85G   0.04468   0.01709         0   0.06177         7       416    0.7732    0.5859     0.689    0.2702    0.0509   0.00959         0
   130/249     1.85G   0.04464   0.01706         0   0.06171         4       416    0.7955    0.6406    0.7132    0.2792   0.05063  0.009483         0
   131/249     1.85G   0.04347   0.01609         0   0.05957         7       416    0.8101    0.5703    0.6814    0.2602   0.05135  0.009515         0
   132/249     1.85G   0.04427   0.01714         0   0.06141         9       416    0.6462    0.6328    0.6345    0.2351   0.05203  0.009877         0
   133/249     1.85G   0.04356   0.01673         0    0.0603         2       416    0.7142    0.5076    0.5631    0.2038   0.05239   0.01047         0
   134/249     1.85G   0.04423   0.01662         0   0.06085         1       416    0.6953     0.624    0.6759    0.2434    0.0521   0.00981         0
   135/249     1.85G   0.04192   0.01537         0   0.05729         5       416    0.6213    0.6797    0.6868    0.2727   0.05017   0.01015         0
   136/249     1.85G   0.04401   0.01554         0   0.05954         3       416    0.7226    0.5547    0.6426    0.2524   0.05248  0.009837         0
   137/249     1.85G   0.04402   0.01642         0   0.06044         8       416    0.8135    0.5452    0.6606    0.2829    0.0521  0.009804         0
   138/249     1.85G   0.04278   0.01496         0   0.05774         4       416    0.7699    0.6016    0.6755    0.2793   0.05045   0.00985         0
   139/249     1.85G    0.0429   0.01587         0   0.05876         5       416    0.7113    0.6546    0.6809    0.2699   0.05014  0.009763         0
   140/249     1.85G    0.0454   0.01712         0   0.06252         4       416    0.6578    0.6008    0.6282    0.2155   0.05284  0.009856         0
   141/249     1.85G   0.04434   0.01609         0   0.06044         6       416    0.7553    0.5547    0.5998    0.2387   0.05159  0.009819         0
   142/249     1.85G   0.04403   0.01617         0    0.0602         5       416    0.7106    0.5391    0.5914    0.2183   0.05172   0.01033         0
   143/249     1.85G    0.0427   0.01639         0   0.05909         4       416    0.7805    0.5781    0.6588    0.2225   0.05133   0.01062         0
   144/249     1.85G   0.04431   0.01631         0   0.06062         3       416    0.7447    0.5703    0.6466    0.2352   0.05161   0.01008         0
   145/249     1.85G   0.04378   0.01575         0   0.05952         4       416    0.6813    0.6016     0.632    0.2398   0.05217  0.009838         0
   146/249     1.85G   0.04102   0.01612         0   0.05714         2       416    0.6601    0.6094    0.6226    0.2353   0.05235   0.01041         0
   147/249     1.85G   0.04202   0.01537         0   0.05739         4       416    0.7864    0.6328    0.6924    0.2556   0.05211  0.009829         0
   148/249     1.85G   0.04291    0.0168         0   0.05971         8       416    0.7848    0.5699    0.6516    0.2361   0.05342   0.01011         0
   149/249     1.85G   0.04029   0.01616         0   0.05645         0       416    0.8151    0.5857    0.6767    0.2711   0.05091  0.009936         0
   150/249     1.85G   0.04144   0.01591         0   0.05735         7       416    0.6225    0.6328    0.5991    0.2047   0.05376   0.01016         0
   151/249     1.85G   0.04166   0.01522         0   0.05688         3       416    0.7474     0.578    0.6781     0.261   0.05094  0.009813         0
   152/249     1.85G   0.04266   0.01601         0   0.05867         3       416    0.7789     0.578    0.6284    0.2436   0.05198   0.01024         0
   153/249     1.85G   0.04007   0.01583         0    0.0559         5       416    0.8213    0.5386    0.6598    0.2538   0.05063   0.01012         0
   154/249     1.85G   0.03921   0.01488         0   0.05408         3       416    0.7731    0.5855    0.6704    0.2569   0.05098  0.009731         0
   155/249     1.85G   0.04185    0.0167         0   0.05855         9       416    0.7405    0.6242    0.6672    0.2449   0.05025  0.009842         0
   156/249     1.85G   0.04206   0.01626         0   0.05832         4       416    0.7684    0.6016    0.6537    0.2524   0.05023   0.00975         0
   157/249     1.85G   0.04048   0.01611         0   0.05659         3       416    0.7886    0.5312    0.6493     0.233   0.05147  0.009878         0
   158/249     1.85G   0.04054   0.01532         0   0.05586         3       416    0.7722    0.5078    0.6384    0.2367   0.05276  0.009752         0
   159/249     1.85G   0.04038   0.01588         0   0.05626         4       416    0.7287    0.5469    0.6309    0.2309   0.05222  0.009953         0
   160/249     1.85G   0.03976   0.01454         0    0.0543         4       416    0.7326     0.578    0.6333    0.2628   0.05166  0.009563         0
   161/249     1.85G   0.04087   0.01572         0   0.05659         6       416    0.7433    0.6559    0.6832    0.2638   0.05002   0.00987         0
   162/249     1.85G   0.04152   0.01587         0   0.05739         4       416    0.7911    0.5625    0.6615    0.2743   0.05075  0.009783         0
   163/249     1.85G   0.03961   0.01565         0   0.05525         2       416    0.7422    0.5623    0.6274    0.2745   0.05053  0.009964         0
   164/249     1.85G   0.04134   0.01504         0   0.05638         6       416    0.7155    0.6094    0.6646    0.2451   0.05026  0.009928         0
   165/249     1.85G   0.04126   0.01506         0   0.05632         3       416    0.6996    0.5459    0.6249    0.2389   0.05053  0.009928         0
   166/249     1.85G   0.04073   0.01538         0   0.05611         6       416    0.8342    0.5547    0.6509    0.2749   0.05129  0.009617         0
   167/249     1.85G   0.04049   0.01535         0   0.05584         5       416    0.7053     0.617    0.6664    0.2726    0.0494  0.009637         0
   168/249     1.85G   0.04126    0.0158         0   0.05706         2       416     0.699    0.6169    0.6695    0.2609    0.0498  0.009668         0
   169/249     1.85G   0.03953   0.01499         0   0.05452         6       416    0.6878    0.6712     0.667    0.2679    0.0509  0.009699         0
   170/249     1.85G   0.04019   0.01518         0   0.05537         4       416    0.6903    0.6094    0.6236     0.222   0.05265  0.009995         0
   171/249     1.85G   0.04029   0.01507         0   0.05536         1       416    0.6721    0.6406    0.6578    0.2423   0.05034  0.009978         0
   172/249     1.85G    0.0391   0.01568         0   0.05478         5       416    0.7684    0.6482    0.6815    0.2625   0.05066  0.009895         0
   173/249     1.85G   0.03939   0.01492         0   0.05431         2       416    0.7383    0.6172    0.6726    0.2467   0.05184   0.00979         0
   174/249     1.85G   0.03952   0.01524         0   0.05476         2       416    0.7454    0.6406    0.6711    0.2603   0.05145   0.01011         0
   175/249     1.85G   0.03775     0.015         0   0.05276         2       416    0.7473    0.6239     0.668    0.2745   0.05016   0.01026         0
   176/249     1.85G   0.03926   0.01438         0   0.05364         3       416     0.759    0.6172    0.6437    0.2515   0.05172   0.00997         0
   177/249     1.85G   0.03736   0.01536         0   0.05272         4       416    0.7043    0.6327    0.6563    0.2351   0.05143   0.01036         0
   178/249     1.85G   0.03841   0.01529         0    0.0537         3       416    0.7446    0.6149    0.6807     0.261   0.05052  0.009744         0
   179/249     1.85G   0.03807   0.01568         0   0.05375         7       416    0.7329     0.625    0.6691    0.2752   0.04973  0.009606         0
   180/249     1.85G   0.03777    0.0153         0   0.05308         4       416    0.7288    0.5458    0.6212    0.2331   0.05116   0.01001         0
   181/249     1.85G    0.0381   0.01517         0   0.05328         8       416    0.7549    0.5781    0.6473    0.2568   0.05052   0.01004         0
   182/249     1.85G   0.03702   0.01462         0   0.05165         3       416    0.7622    0.6016    0.6721    0.2736   0.04929  0.009781         0
   183/249     1.85G   0.03935   0.01518         0   0.05454         4       416    0.6631    0.6172    0.6213    0.2461   0.05266   0.01046         0
   184/249     1.85G   0.03885    0.0145         0   0.05336        11       416    0.7206    0.5845    0.6166    0.2433   0.05252  0.009826         0
   185/249     1.85G   0.03796   0.01547         0   0.05343         3       416    0.7388    0.5781     0.633    0.2323   0.05282   0.01057         0
   186/249     1.85G   0.03858   0.01512         0   0.05371         7       416    0.7241    0.6562    0.6832    0.2632   0.05022   0.01007         0
   187/249     1.85G   0.03761   0.01405         0   0.05166         2       416    0.7742     0.616    0.6714    0.2401   0.05067   0.01023         0
   188/249     1.85G   0.03703     0.014         0   0.05103         2       416    0.7495    0.6328    0.6757    0.2457   0.04985   0.01032         0
   189/249     1.85G   0.03802    0.0143         0   0.05232         4       416    0.7104    0.6325    0.6672    0.2558   0.05081   0.01006         0
   190/249     1.85G   0.03768   0.01356         0   0.05123         4       416    0.8273    0.5625    0.6616    0.2447    0.0518   0.01018         0
   191/249     1.85G   0.04041   0.01519         0    0.0556         5       416    0.6831     0.625    0.6086    0.2135   0.05283   0.01024         0
   192/249     1.85G   0.03714   0.01419         0   0.05133         2       416    0.7547    0.6249    0.6494    0.2178   0.05175  0.009975         0
   193/249     1.85G   0.03675   0.01402         0   0.05077         1       416    0.7346    0.5838    0.6353    0.2373   0.05093  0.009858         0
   194/249     1.85G   0.03841   0.01494         0   0.05335         3       416    0.7579    0.6172    0.6462    0.2269   0.05109   0.01018         0
   195/249     1.85G   0.03754   0.01392         0   0.05146         7       416     0.689    0.6641    0.6846    0.2601   0.05019    0.0098         0
   196/249     1.85G   0.03845   0.01439         0   0.05284         5       416     0.707    0.5468    0.5889    0.2343   0.05064   0.01006         0
   197/249     1.85G   0.03722   0.01499         0   0.05221         6       416    0.7074    0.6233    0.6803    0.2459   0.05032  0.009972         0
   198/249     1.85G   0.03635   0.01389         0   0.05024         1       416    0.7253    0.5781    0.6368    0.2377   0.05265  0.009917         0
   199/249     1.85G   0.03961   0.01436         0   0.05397         3       416     0.845    0.5547    0.6489    0.2448   0.05047   0.01021         0
   200/249     1.85G   0.03764    0.0151         0   0.05274         6       416    0.7755    0.5936     0.662    0.2354   0.05007   0.01028         0
   201/249     1.85G   0.03776   0.01556         0   0.05332         9       416    0.7473    0.6016    0.6519    0.2396   0.05047   0.01031         0
   202/249     1.85G   0.03667   0.01483         0    0.0515         3       416    0.7774    0.6001    0.6511    0.2559   0.05016   0.01015         0
   203/249     1.85G   0.03639     0.014         0   0.05039         4       416    0.7894    0.5859    0.6433    0.2508   0.04984   0.01004         0
   204/249     1.85G   0.03654    0.0153         0   0.05183         3       416    0.7956    0.5777    0.6688    0.2691   0.05033  0.009951         0
   205/249     1.85G   0.03661   0.01349         0   0.05011         3       416     0.837    0.5617    0.6589    0.2527   0.05163  0.009812         0
   206/249     1.85G    0.0371   0.01428         0   0.05138         3       416    0.7364    0.5457    0.6188    0.2332   0.05078   0.01013         0
   207/249     1.85G   0.03598   0.01369         0   0.04966         3       416    0.5913    0.6556    0.6221    0.2405   0.05086   0.01014         0
   208/249     1.85G   0.03443    0.0136         0   0.04803         7       416    0.6854    0.6638    0.6667    0.2475   0.04985   0.01006         0
   209/249     1.85G   0.03751   0.01472         0   0.05223         6       416    0.6641    0.6796     0.667    0.2526      0.05  0.009887         0
   210/249     1.85G   0.03684   0.01432         0   0.05116         2       416    0.7615     0.625    0.6809    0.2603   0.05015   0.01004         0
   211/249     1.85G   0.03553   0.01403         0   0.04956         3       416     0.824    0.5859    0.6523    0.2408   0.05146   0.01021         0
   212/249     1.85G   0.03492   0.01357         0   0.04849         3       416    0.7575    0.5858    0.6611     0.241   0.05194  0.009958         0
   213/249     1.85G   0.03626   0.01499         0   0.05126         8       416    0.8242    0.5859    0.6667    0.2418   0.05243  0.009855         0
   214/249     1.85G   0.03525   0.01416         0   0.04941         3       416    0.7307    0.6406    0.6735    0.2717   0.05014  0.009881         0
   215/249     1.85G   0.03595   0.01424         0   0.05019         7       416    0.7919    0.6244    0.6687    0.2491   0.05081  0.009757         0
   216/249     1.85G     0.035   0.01447         0   0.04947         1       416    0.7863    0.5469    0.6293    0.2246   0.05123   0.01032         0
   217/249     1.85G   0.03461   0.01408         0   0.04869         2       416    0.8426    0.5857    0.6572    0.2528   0.05047  0.009792         0
   218/249     1.85G   0.03556   0.01318         0   0.04875         3       416    0.8149    0.5859    0.6762    0.2752   0.04992   0.00969         0
   219/249     1.85G   0.03514   0.01313         0   0.04827         3       416    0.6934    0.6016    0.6165    0.2522   0.05131  0.009743         0
   220/249     1.85G   0.03401   0.01276         0   0.04677         2       416    0.7379    0.6172    0.6516    0.2636   0.05058   0.00989         0
   221/249     1.85G   0.03577   0.01336         0   0.04912         6       416    0.7181     0.617     0.657    0.2533   0.05128  0.009814         0
   222/249     1.85G   0.03604   0.01411         0   0.05015         2       416    0.7912    0.5938    0.7077    0.2705   0.04916   0.01001         0
   223/249     1.85G   0.03446   0.01281         0   0.04727         1       416    0.7975    0.5859    0.6758    0.2614   0.04956  0.009834         0
   224/249     1.85G   0.03658   0.01448         0   0.05106         5       416    0.7026    0.6091    0.6389    0.2517   0.05064   0.01006         0
   225/249     1.85G   0.03546   0.01364         0    0.0491         2       416    0.6454    0.6406    0.6535    0.2639   0.05046   0.01015         0
   226/249     1.85G   0.03527   0.01361         0   0.04888         4       416    0.7992    0.5596    0.6273    0.2564    0.0503   0.01002         0
   227/249     1.85G   0.03333   0.01297         0   0.04631         2       416    0.7055    0.6551    0.6591    0.2647   0.04925  0.009783         0
   228/249     1.85G   0.03514   0.01359         0   0.04873         6       416    0.7685    0.6483    0.6758    0.2669   0.05061   0.00964         0
   229/249     1.85G   0.03504   0.01319         0   0.04823         3       416    0.7961    0.6406    0.6932    0.2692   0.04946  0.009696         0
   230/249     1.85G   0.03456   0.01406         0   0.04862         5       416    0.8084    0.5938    0.6739    0.2566   0.04975  0.009974         0
   231/249     1.85G   0.03464   0.01398         0   0.04862         3       416    0.8388    0.5692    0.6647    0.2516   0.05051  0.009771         0
   232/249     1.85G   0.03481   0.01345         0   0.04826         3       416    0.7038    0.5781    0.6491    0.2414   0.05022   0.01019         0
   233/249     1.85G   0.03374    0.0126         0   0.04634         3       416    0.7955    0.5781    0.6707    0.2695    0.0501   0.01007         0
   234/249     1.85G   0.03382   0.01377         0   0.04759         7       416    0.7025    0.6094    0.6533    0.2622   0.05175  0.009932         0
   235/249     1.85G   0.03438   0.01357         0   0.04794         6       416    0.6928    0.6167    0.6155    0.2224   0.05106   0.01024         0
   236/249     1.85G   0.03446   0.01314         0    0.0476         5       416     0.747    0.5307    0.6031    0.2265   0.05275   0.01027         0
   237/249     1.85G    0.0342   0.01357         0   0.04777         3       416    0.7844    0.5703     0.638    0.2562   0.05255   0.01016         0
   238/249     1.85G   0.03452   0.01497         0   0.04949         9       416    0.7857    0.6015    0.6701     0.255   0.05059   0.01027         0
   239/249     1.85G   0.03126   0.01276         0   0.04401         3       416    0.7679    0.5547    0.6244    0.2308   0.05126   0.01031         0
   240/249     1.85G   0.03533   0.01339         0   0.04872         3       416    0.7708    0.5779    0.6351    0.2415    0.0506   0.01014         0
   241/249     1.85G   0.03437   0.01364         0   0.04801         4       416    0.7332    0.6016    0.6442    0.2468    0.0509  0.009956         0
   242/249     1.85G    0.0339   0.01339         0   0.04729         5       416    0.7034    0.6484    0.6586    0.2585   0.05148  0.009923         0
   243/249     1.85G   0.03485   0.01284         0   0.04769         3       416    0.7289    0.6091    0.6509    0.2585   0.05091      0.01         0
   244/249     1.85G   0.03555   0.01374         0   0.04929         8       416    0.6693    0.6484    0.6667    0.2497   0.05017   0.01003         0
   245/249     1.85G   0.03443   0.01281         0   0.04724         1       416    0.7777    0.5465    0.6404    0.2733   0.05061   0.01003         0
   246/249     1.85G   0.03449   0.01379         0   0.04828         7       416     0.765    0.5859    0.6635    0.2515   0.05035   0.01015         0
   247/249     1.85G   0.03356   0.01437         0   0.04793         8       416    0.6611    0.6249    0.6421    0.2594   0.05021   0.01014         0
   248/249     1.85G   0.03368   0.01385         0   0.04753         9       416    0.7789    0.5547    0.6374    0.2664   0.05009   0.01027         0
   249/249     1.85G   0.03371   0.01368         0   0.04739         4       416      0.74    0.5781     0.631     0.251    0.0504   0.01044         0
